1
40 15
307
1 5
1 6
1 11
1 12
1 13
1 14
2 1
2 2
2 4
2 6
2 7
2 9
2 12
2 13
2 14
3 3
3 4
3 7
3 8
3 10
3 12
3 15
4 1
4 2
4 5
4 11
4 12
5 1
5 2
5 3
5 5
5 10
5 11
5 12
5 13
5 14
5 15
6 2
6 8
6 9
6 11
6 13
6 14
6 15
7 1
7 2
7 3
7 6
7 8
7 9
7 10
7 14
8 1
8 2
8 3
8 4
8 5
8 7
8 12
8 14
8 15
9 1
9 2
9 3
9 4
9 5
9 6
9 12
9 13
10 2
10 3
10 4
10 6
10 7
10 9
10 11
11 3
11 5
11 6
11 7
11 9
11 11
11 12
11 14
11 15
12 1
12 2
12 3
12 4
12 5
12 6
12 8
12 10
12 13
12 14
12 15
13 1
13 4
13 5
13 9
13 12
13 13
14 1
14 2
14 6
14 10
14 12
15 2
15 3
15 8
15 9
15 11
16 1
16 2
16 4
16 5
16 7
16 8
16 11
16 12
16 14
16 15
17 2
17 4
17 7
17 9
17 11
17 12
17 13
17 14
17 15
18 1
18 5
18 6
18 9
18 11
18 13
18 14
19 2
19 3
19 4
19 7
19 9
19 13
19 15
20 2
20 3
20 4
20 5
20 6
20 8
20 9
20 10
20 11
20 13
21 1
21 3
21 5
21 7
21 8
21 10
21 11
21 14
22 4
22 5
22 7
22 8
22 10
22 11
22 15
23 1
23 2
23 3
23 5
23 6
23 7
23 10
23 11
23 12
23 13
23 14
23 15
24 1
24 6
24 8
24 9
24 10
24 12
24 13
25 4
25 6
25 7
25 8
25 9
25 10
25 15
26 1
26 2
26 7
26 14
26 15
27 2
27 5
27 10
28 1
28 3
28 5
28 8
28 10
28 11
28 12
28 14
28 15
29 1
29 2
29 4
29 6
29 8
29 9
29 10
29 11
29 12
29 14
30 2
30 3
30 4
30 10
30 11
30 13
30 15
31 1
31 4
31 5
31 8
31 10
31 11
31 13
31 14
32 2
32 3
32 8
32 9
32 10
32 14
33 1
33 3
33 4
33 7
33 10
33 11
33 14
34 5
34 8
34 10
34 14
35 5
35 6
35 8
35 12
35 14
35 15
36 1
36 2
36 3
36 4
36 5
36 7
36 8
36 10
36 13
36 14
36 15
37 1
37 2
37 3
37 9
37 11
37 12
37 13
37 14
38 1
38 2
38 3
38 4
38 5
38 6
38 10
38 13
38 14
38 15
39 1
39 4
39 5
39 6
39 7
39 8
39 10
39 11
39 12
39 13
39 15
40 5
40 6
40 8
40 9
40 10
40 14
