1
117 97
5631
1 2
1 5
1 6
1 9
1 12
1 13
1 14
1 15
1 19
1 20
1 22
1 25
1 28
1 30
1 32
1 34
1 35
1 36
1 37
1 38
1 41
1 42
1 45
1 46
1 49
1 50
1 54
1 56
1 59
1 60
1 64
1 65
1 70
1 72
1 77
1 78
1 79
1 80
1 83
1 86
1 87
1 88
1 89
1 90
1 93
1 95
1 96
1 97
2 4
2 5
2 7
2 10
2 17
2 18
2 19
2 20
2 27
2 32
2 40
2 41
2 42
2 45
2 46
2 47
2 48
2 50
2 51
2 52
2 53
2 56
2 57
2 58
2 60
2 61
2 65
2 68
2 69
2 71
2 72
2 74
2 75
2 76
2 77
2 78
2 79
2 80
2 85
2 86
2 87
2 88
2 94
2 95
2 96
3 2
3 3
3 4
3 6
3 10
3 11
3 12
3 15
3 16
3 18
3 19
3 20
3 21
3 23
3 26
3 28
3 30
3 33
3 34
3 37
3 42
3 43
3 47
3 51
3 52
3 53
3 54
3 55
3 57
3 59
3 60
3 64
3 70
3 72
3 74
3 76
3 77
3 81
3 85
3 87
3 90
3 92
3 93
3 95
4 3
4 6
4 9
4 13
4 16
4 19
4 20
4 21
4 23
4 25
4 26
4 29
4 30
4 31
4 33
4 35
4 36
4 37
4 38
4 40
4 41
4 42
4 44
4 45
4 46
4 47
4 48
4 49
4 50
4 51
4 52
4 55
4 57
4 59
4 62
4 63
4 65
4 67
4 71
4 73
4 75
4 77
4 80
4 82
4 83
4 85
4 86
4 89
4 92
4 93
4 94
5 1
5 2
5 3
5 4
5 5
5 7
5 8
5 9
5 10
5 11
5 12
5 13
5 15
5 16
5 17
5 25
5 29
5 30
5 31
5 33
5 38
5 40
5 42
5 43
5 44
5 45
5 46
5 48
5 50
5 52
5 53
5 55
5 58
5 59
5 60
5 61
5 62
5 64
5 65
5 66
5 67
5 68
5 69
5 70
5 75
5 76
5 82
5 83
5 89
5 91
5 94
5 97
6 1
6 2
6 3
6 6
6 8
6 11
6 13
6 14
6 15
6 16
6 21
6 22
6 25
6 26
6 27
6 28
6 30
6 31
6 32
6 33
6 38
6 39
6 40
6 41
6 43
6 45
6 46
6 48
6 49
6 50
6 51
6 53
6 54
6 55
6 57
6 58
6 62
6 69
6 71
6 72
6 74
6 75
6 78
6 80
6 83
6 84
6 85
6 86
6 88
6 89
6 91
6 92
6 95
6 97
7 2
7 5
7 7
7 8
7 10
7 14
7 15
7 16
7 17
7 21
7 23
7 26
7 32
7 33
7 34
7 36
7 39
7 40
7 43
7 47
7 48
7 52
7 55
7 56
7 61
7 65
7 68
7 70
7 72
7 73
7 75
7 77
7 78
7 79
7 80
7 81
7 82
7 84
7 85
7 87
7 89
7 90
7 92
7 96
7 97
8 2
8 3
8 5
8 6
8 9
8 11
8 12
8 13
8 14
8 15
8 17
8 18
8 19
8 21
8 22
8 24
8 25
8 30
8 32
8 35
8 36
8 37
8 39
8 41
8 42
8 43
8 44
8 48
8 49
8 53
8 55
8 56
8 59
8 61
8 62
8 63
8 65
8 67
8 68
8 69
8 70
8 71
8 72
8 75
8 76
8 77
8 78
8 81
8 82
8 84
8 87
8 93
8 95
8 96
8 97
9 4
9 5
9 6
9 10
9 11
9 13
9 16
9 20
9 22
9 25
9 29
9 30
9 32
9 33
9 34
9 36
9 38
9 40
9 41
9 42
9 44
9 48
9 49
9 52
9 53
9 56
9 57
9 58
9 59
9 62
9 64
9 67
9 68
9 71
9 73
9 74
9 75
9 78
9 79
9 80
9 81
9 83
9 84
9 87
9 88
9 92
9 93
9 96
10 1
10 2
10 3
10 4
10 7
10 8
10 9
10 11
10 14
10 15
10 16
10 20
10 21
10 22
10 23
10 24
10 25
10 27
10 28
10 31
10 33
10 35
10 37
10 39
10 40
10 42
10 43
10 47
10 48
10 50
10 52
10 55
10 62
10 68
10 70
10 74
10 75
10 78
10 79
10 80
10 81
10 82
10 83
10 84
10 85
10 86
10 87
10 91
10 92
10 97
11 1
11 5
11 6
11 10
11 11
11 13
11 14
11 15
11 17
11 19
11 20
11 21
11 22
11 28
11 29
11 31
11 32
11 35
11 36
11 37
11 38
11 39
11 43
11 44
11 50
11 51
11 53
11 54
11 55
11 57
11 58
11 59
11 61
11 62
11 63
11 64
11 68
11 72
11 73
11 75
11 76
11 77
11 80
11 86
11 87
11 91
11 92
11 94
12 1
12 3
12 4
12 5
12 6
12 7
12 9
12 10
12 11
12 12
12 14
12 16
12 17
12 21
12 23
12 24
12 25
12 27
12 28
12 29
12 30
12 33
12 35
12 41
12 42
12 43
12 45
12 48
12 50
12 51
12 52
12 55
12 56
12 60
12 65
12 66
12 68
12 69
12 72
12 76
12 81
12 83
12 87
12 88
12 89
12 91
12 93
12 94
12 96
12 97
13 1
13 4
13 5
13 8
13 10
13 11
13 13
13 14
13 17
13 20
13 21
13 23
13 24
13 25
13 27
13 28
13 29
13 30
13 34
13 35
13 37
13 41
13 44
13 45
13 50
13 51
13 52
13 54
13 55
13 56
13 57
13 59
13 61
13 62
13 65
13 66
13 69
13 70
13 71
13 75
13 79
13 80
13 85
13 86
13 88
13 92
13 93
13 94
13 95
14 2
14 3
14 4
14 8
14 9
14 10
14 11
14 13
14 15
14 20
14 25
14 28
14 30
14 32
14 33
14 35
14 37
14 38
14 43
14 44
14 46
14 50
14 51
14 53
14 54
14 56
14 59
14 60
14 64
14 65
14 66
14 67
14 70
14 73
14 76
14 81
14 86
14 87
14 90
15 3
15 4
15 5
15 8
15 10
15 14
15 21
15 22
15 26
15 29
15 31
15 32
15 33
15 37
15 40
15 41
15 42
15 44
15 46
15 49
15 50
15 52
15 53
15 54
15 55
15 59
15 60
15 62
15 67
15 70
15 75
15 77
15 81
15 86
15 87
15 88
15 89
15 90
15 92
15 95
15 96
16 2
16 7
16 9
16 12
16 16
16 17
16 20
16 24
16 26
16 27
16 29
16 30
16 31
16 37
16 40
16 44
16 46
16 47
16 50
16 52
16 54
16 56
16 58
16 61
16 63
16 67
16 68
16 69
16 72
16 74
16 80
16 81
16 83
16 86
16 89
16 91
16 92
16 95
16 96
17 2
17 3
17 6
17 7
17 8
17 9
17 10
17 15
17 17
17 18
17 22
17 26
17 32
17 35
17 37
17 41
17 42
17 45
17 50
17 51
17 58
17 59
17 60
17 61
17 63
17 64
17 68
17 70
17 73
17 77
17 78
17 80
17 81
17 82
17 83
17 85
17 86
17 87
17 88
17 92
17 93
17 94
17 95
17 96
17 97
18 1
18 3
18 5
18 7
18 8
18 9
18 12
18 16
18 17
18 21
18 22
18 23
18 24
18 31
18 32
18 36
18 37
18 38
18 39
18 41
18 42
18 46
18 48
18 50
18 51
18 54
18 55
18 56
18 59
18 62
18 65
18 66
18 67
18 69
18 70
18 71
18 74
18 75
18 76
18 77
18 78
18 79
18 80
18 81
18 82
18 83
18 89
18 92
18 94
18 96
18 97
19 1
19 3
19 5
19 6
19 7
19 8
19 10
19 11
19 13
19 14
19 15
19 17
19 19
19 23
19 25
19 28
19 30
19 32
19 33
19 37
19 43
19 44
19 47
19 48
19 49
19 50
19 52
19 60
19 61
19 64
19 65
19 71
19 80
19 84
19 87
19 89
19 91
19 93
19 95
19 96
20 2
20 4
20 6
20 7
20 8
20 9
20 10
20 17
20 20
20 22
20 23
20 24
20 26
20 27
20 29
20 30
20 31
20 32
20 34
20 35
20 41
20 42
20 44
20 46
20 47
20 50
20 51
20 55
20 56
20 60
20 62
20 63
20 65
20 72
20 76
20 77
20 80
20 82
20 84
20 87
20 88
20 90
20 93
20 94
21 1
21 4
21 10
21 12
21 13
21 14
21 15
21 16
21 19
21 22
21 24
21 25
21 30
21 32
21 33
21 36
21 38
21 40
21 41
21 42
21 43
21 44
21 45
21 46
21 47
21 48
21 50
21 52
21 53
21 54
21 55
21 56
21 58
21 60
21 64
21 68
21 69
21 70
21 74
21 75
21 76
21 77
21 78
21 79
21 80
21 82
21 83
21 84
21 85
21 93
22 1
22 3
22 4
22 5
22 7
22 8
22 9
22 10
22 11
22 13
22 15
22 16
22 17
22 18
22 19
22 21
22 23
22 24
22 25
22 26
22 27
22 29
22 30
22 32
22 33
22 37
22 38
22 45
22 46
22 47
22 48
22 50
22 54
22 57
22 58
22 60
22 61
22 63
22 68
22 69
22 71
22 73
22 76
22 79
22 82
22 84
22 85
22 86
22 87
22 88
22 90
22 91
22 95
22 97
23 2
23 5
23 8
23 9
23 11
23 14
23 16
23 17
23 18
23 19
23 20
23 24
23 26
23 31
23 32
23 34
23 35
23 36
23 37
23 38
23 40
23 43
23 46
23 50
23 53
23 57
23 59
23 63
23 64
23 68
23 69
23 72
23 74
23 76
23 78
23 80
23 81
23 83
23 84
23 86
23 91
23 94
24 1
24 3
24 4
24 6
24 8
24 9
24 10
24 12
24 15
24 16
24 17
24 18
24 19
24 20
24 21
24 24
24 25
24 26
24 27
24 28
24 35
24 37
24 38
24 39
24 46
24 47
24 50
24 51
24 52
24 53
24 57
24 58
24 61
24 63
24 67
24 69
24 71
24 76
24 77
24 80
24 81
24 82
24 84
24 85
24 87
24 88
24 91
24 92
24 94
24 96
24 97
25 7
25 8
25 9
25 10
25 12
25 13
25 14
25 15
25 18
25 19
25 20
25 22
25 27
25 28
25 29
25 30
25 33
25 35
25 41
25 42
25 48
25 50
25 52
25 54
25 57
25 58
25 59
25 62
25 64
25 65
25 67
25 68
25 69
25 70
25 72
25 73
25 74
25 81
25 82
25 83
25 84
25 86
25 91
25 92
25 93
25 94
25 95
26 1
26 2
26 3
26 4
26 5
26 6
26 8
26 10
26 11
26 12
26 13
26 15
26 17
26 22
26 23
26 24
26 30
26 32
26 33
26 34
26 37
26 38
26 40
26 41
26 42
26 43
26 44
26 46
26 48
26 51
26 53
26 54
26 55
26 56
26 58
26 60
26 61
26 62
26 63
26 69
26 70
26 71
26 72
26 73
26 75
26 77
26 79
26 85
26 86
26 87
26 91
26 92
26 96
26 97
27 1
27 8
27 10
27 11
27 12
27 13
27 15
27 16
27 19
27 20
27 21
27 24
27 25
27 26
27 30
27 31
27 33
27 37
27 39
27 41
27 43
27 44
27 47
27 50
27 52
27 53
27 56
27 57
27 59
27 62
27 63
27 68
27 69
27 70
27 73
27 74
27 77
27 78
27 79
27 81
27 82
27 83
27 85
27 89
27 92
27 93
28 2
28 6
28 11
28 13
28 14
28 15
28 25
28 26
28 27
28 28
28 31
28 37
28 41
28 42
28 44
28 46
28 54
28 55
28 56
28 57
28 58
28 60
28 61
28 62
28 64
28 66
28 67
28 69
28 72
28 73
28 78
28 79
28 81
28 82
28 84
28 85
28 86
28 93
28 94
29 2
29 3
29 6
29 7
29 8
29 9
29 11
29 17
29 18
29 20
29 22
29 23
29 26
29 28
29 31
29 32
29 34
29 35
29 36
29 40
29 42
29 44
29 48
29 49
29 53
29 54
29 55
29 61
29 62
29 63
29 64
29 65
29 66
29 67
29 68
29 70
29 76
29 77
29 79
29 80
29 81
29 83
29 86
29 87
29 91
29 94
29 95
29 97
30 3
30 11
30 12
30 13
30 15
30 16
30 19
30 21
30 22
30 23
30 25
30 26
30 28
30 29
30 30
30 33
30 36
30 38
30 39
30 42
30 43
30 46
30 47
30 52
30 53
30 56
30 58
30 61
30 62
30 63
30 64
30 65
30 68
30 69
30 71
30 73
30 74
30 75
30 76
30 77
30 78
30 79
30 81
30 82
30 84
30 85
30 86
30 89
30 90
30 93
30 95
30 96
30 97
31 5
31 10
31 11
31 13
31 14
31 17
31 18
31 19
31 20
31 23
31 25
31 29
31 33
31 35
31 36
31 40
31 41
31 42
31 43
31 45
31 46
31 49
31 51
31 56
31 57
31 60
31 61
31 64
31 72
31 73
31 74
31 75
31 76
31 82
31 84
31 86
31 87
31 88
31 90
31 94
31 95
31 97
32 7
32 8
32 10
32 14
32 15
32 16
32 25
32 27
32 32
32 37
32 45
32 46
32 48
32 49
32 50
32 53
32 54
32 55
32 56
32 57
32 58
32 59
32 60
32 61
32 64
32 66
32 68
32 71
32 76
32 77
32 83
32 84
32 85
32 90
32 95
32 96
33 1
33 4
33 6
33 7
33 8
33 9
33 10
33 11
33 13
33 17
33 18
33 21
33 26
33 27
33 28
33 29
33 34
33 35
33 38
33 40
33 42
33 43
33 45
33 48
33 50
33 55
33 56
33 57
33 58
33 63
33 66
33 67
33 68
33 73
33 74
33 76
33 77
33 78
33 79
33 85
33 86
33 88
33 90
33 91
33 92
33 96
34 1
34 2
34 4
34 6
34 9
34 11
34 12
34 15
34 16
34 20
34 26
34 31
34 32
34 34
34 38
34 39
34 42
34 44
34 46
34 47
34 48
34 51
34 52
34 54
34 55
34 57
34 60
34 61
34 62
34 65
34 67
34 70
34 74
34 76
34 80
34 82
34 83
34 84
34 87
34 88
34 89
34 91
34 92
34 93
34 96
34 97
35 1
35 3
35 5
35 6
35 9
35 11
35 12
35 13
35 15
35 18
35 19
35 21
35 23
35 25
35 26
35 28
35 30
35 31
35 32
35 34
35 35
35 36
35 37
35 38
35 40
35 41
35 48
35 49
35 50
35 52
35 53
35 54
35 56
35 60
35 61
35 62
35 65
35 66
35 67
35 69
35 73
35 76
35 77
35 78
35 81
35 82
35 84
35 85
35 88
35 97
36 2
36 3
36 5
36 6
36 10
36 11
36 12
36 13
36 14
36 16
36 17
36 18
36 20
36 21
36 22
36 23
36 24
36 25
36 26
36 27
36 28
36 29
36 32
36 34
36 35
36 36
36 38
36 39
36 42
36 43
36 44
36 45
36 48
36 49
36 50
36 51
36 54
36 57
36 58
36 60
36 63
36 73
36 74
36 77
36 78
36 82
36 83
36 84
36 85
36 87
36 92
36 93
37 1
37 2
37 4
37 5
37 7
37 10
37 12
37 13
37 15
37 16
37 20
37 21
37 22
37 23
37 26
37 27
37 32
37 39
37 40
37 41
37 42
37 43
37 44
37 46
37 51
37 53
37 54
37 60
37 61
37 63
37 65
37 68
37 70
37 71
37 72
37 73
37 74
37 76
37 78
37 79
37 81
37 84
37 87
37 89
37 90
37 91
37 94
37 95
37 96
38 2
38 3
38 4
38 8
38 11
38 13
38 14
38 15
38 16
38 19
38 22
38 24
38 25
38 27
38 28
38 29
38 30
38 31
38 32
38 34
38 36
38 38
38 41
38 43
38 46
38 47
38 48
38 49
38 50
38 54
38 57
38 61
38 62
38 63
38 64
38 65
38 66
38 68
38 71
38 72
38 74
38 75
38 77
38 82
38 85
38 86
38 92
38 93
38 96
38 97
39 2
39 3
39 4
39 5
39 6
39 7
39 9
39 11
39 12
39 13
39 17
39 18
39 23
39 24
39 26
39 27
39 28
39 29
39 30
39 31
39 32
39 34
39 36
39 37
39 43
39 47
39 49
39 50
39 51
39 53
39 57
39 59
39 63
39 64
39 68
39 69
39 70
39 72
39 73
39 74
39 76
39 77
39 79
39 80
39 82
39 83
39 84
39 86
39 89
39 91
39 92
39 93
39 97
40 2
40 8
40 9
40 10
40 12
40 13
40 14
40 16
40 20
40 21
40 22
40 24
40 25
40 26
40 27
40 28
40 29
40 31
40 32
40 35
40 43
40 44
40 46
40 47
40 50
40 51
40 52
40 54
40 55
40 57
40 58
40 59
40 60
40 61
40 62
40 63
40 66
40 67
40 68
40 72
40 75
40 76
40 77
40 78
40 79
40 83
40 86
40 87
40 89
40 91
40 95
40 96
41 2
41 3
41 5
41 7
41 8
41 9
41 10
41 20
41 21
41 23
41 26
41 27
41 29
41 31
41 37
41 38
41 41
41 43
41 44
41 47
41 49
41 50
41 51
41 52
41 53
41 57
41 58
41 60
41 62
41 63
41 65
41 68
41 69
41 70
41 72
41 73
41 74
41 79
41 81
41 82
41 86
41 87
41 91
41 92
41 97
42 2
42 4
42 7
42 8
42 11
42 13
42 16
42 17
42 18
42 24
42 25
42 26
42 28
42 32
42 34
42 35
42 36
42 37
42 38
42 41
42 45
42 46
42 48
42 50
42 52
42 53
42 54
42 56
42 57
42 58
42 62
42 67
42 69
42 71
42 73
42 76
42 78
42 79
42 82
42 85
42 86
42 89
42 92
42 93
42 95
42 97
43 1
43 7
43 9
43 10
43 11
43 12
43 13
43 14
43 17
43 18
43 21
43 24
43 30
43 31
43 33
43 37
43 40
43 41
43 42
43 43
43 45
43 46
43 47
43 51
43 53
43 56
43 57
43 61
43 62
43 63
43 64
43 65
43 66
43 69
43 70
43 71
43 72
43 73
43 75
43 77
43 80
43 81
43 82
43 83
43 85
43 89
43 91
43 97
44 1
44 4
44 7
44 10
44 12
44 14
44 15
44 19
44 20
44 21
44 22
44 29
44 32
44 34
44 35
44 37
44 41
44 43
44 44
44 45
44 47
44 50
44 51
44 53
44 54
44 57
44 58
44 59
44 60
44 61
44 62
44 63
44 66
44 69
44 70
44 73
44 76
44 78
44 87
44 91
44 96
44 97
45 5
45 8
45 9
45 13
45 17
45 18
45 19
45 21
45 23
45 24
45 28
45 30
45 35
45 37
45 39
45 40
45 43
45 44
45 45
45 47
45 48
45 49
45 52
45 56
45 57
45 58
45 59
45 60
45 64
45 66
45 67
45 68
45 69
45 75
45 77
45 80
45 84
45 87
45 89
45 90
45 94
45 96
45 97
46 2
46 3
46 5
46 6
46 7
46 9
46 11
46 12
46 13
46 14
46 16
46 18
46 20
46 21
46 24
46 26
46 27
46 28
46 30
46 31
46 32
46 33
46 35
46 38
46 40
46 42
46 44
46 45
46 49
46 50
46 51
46 52
46 53
46 55
46 56
46 58
46 60
46 62
46 63
46 65
46 68
46 70
46 71
46 75
46 77
46 79
46 80
46 82
46 83
46 84
46 85
46 87
46 88
46 90
46 91
46 95
47 5
47 6
47 11
47 14
47 15
47 17
47 19
47 21
47 25
47 27
47 28
47 29
47 32
47 33
47 35
47 38
47 40
47 42
47 44
47 45
47 49
47 50
47 51
47 52
47 56
47 60
47 61
47 63
47 65
47 67
47 69
47 70
47 71
47 75
47 76
47 77
47 78
47 79
47 81
47 83
47 84
47 85
47 88
47 90
47 91
47 92
47 93
47 95
47 96
48 3
48 6
48 8
48 15
48 17
48 19
48 28
48 32
48 35
48 40
48 41
48 43
48 46
48 48
48 50
48 55
48 56
48 57
48 59
48 61
48 64
48 67
48 68
48 69
48 72
48 74
48 75
48 76
48 78
48 81
48 86
48 87
48 89
48 91
48 93
48 95
48 96
49 4
49 6
49 9
49 10
49 11
49 15
49 16
49 17
49 21
49 23
49 31
49 32
49 34
49 40
49 41
49 42
49 46
49 51
49 58
49 59
49 63
49 64
49 65
49 66
49 67
49 72
49 74
49 76
49 80
49 82
49 85
49 91
49 93
49 94
49 95
49 96
49 97
50 3
50 4
50 6
50 7
50 9
50 10
50 13
50 14
50 15
50 17
50 18
50 19
50 20
50 23
50 24
50 26
50 29
50 33
50 34
50 35
50 37
50 38
50 40
50 41
50 42
50 43
50 45
50 46
50 53
50 54
50 55
50 56
50 57
50 58
50 59
50 60
50 64
50 66
50 67
50 68
50 70
50 75
50 76
50 78
50 83
50 86
50 87
50 91
50 94
50 95
50 97
51 1
51 2
51 4
51 7
51 11
51 12
51 14
51 17
51 18
51 19
51 21
51 22
51 23
51 25
51 26
51 27
51 29
51 32
51 34
51 36
51 43
51 46
51 47
51 49
51 51
51 54
51 55
51 56
51 58
51 60
51 61
51 63
51 64
51 66
51 67
51 68
51 69
51 71
51 73
51 74
51 75
51 77
51 78
51 79
51 83
51 86
51 90
51 91
51 93
51 94
51 95
51 97
52 1
52 2
52 6
52 8
52 9
52 10
52 16
52 17
52 19
52 20
52 21
52 23
52 27
52 28
52 30
52 31
52 33
52 34
52 35
52 38
52 39
52 40
52 46
52 47
52 51
52 53
52 55
52 57
52 58
52 59
52 60
52 61
52 62
52 65
52 66
52 67
52 70
52 75
52 79
52 81
52 82
52 83
52 85
52 88
52 91
52 95
53 1
53 2
53 5
53 6
53 10
53 11
53 16
53 18
53 20
53 22
53 25
53 27
53 28
53 30
53 35
53 36
53 37
53 42
53 43
53 45
53 47
53 49
53 52
53 54
53 55
53 56
53 57
53 58
53 59
53 61
53 63
53 64
53 66
53 68
53 72
53 74
53 77
53 79
53 80
53 82
53 85
53 86
53 88
53 89
53 92
53 94
53 97
54 2
54 3
54 5
54 6
54 8
54 10
54 11
54 12
54 17
54 24
54 28
54 29
54 30
54 31
54 34
54 36
54 39
54 40
54 41
54 42
54 43
54 44
54 45
54 47
54 48
54 49
54 51
54 52
54 53
54 56
54 57
54 59
54 61
54 70
54 74
54 75
54 77
54 78
54 79
54 80
54 81
54 83
54 85
54 86
54 87
54 89
54 90
54 91
54 95
54 96
54 97
55 1
55 2
55 3
55 5
55 7
55 8
55 9
55 10
55 12
55 13
55 14
55 15
55 19
55 22
55 24
55 25
55 27
55 30
55 31
55 33
55 35
55 36
55 37
55 40
55 41
55 43
55 45
55 46
55 48
55 50
55 51
55 52
55 53
55 55
55 57
55 59
55 67
55 69
55 71
55 73
55 76
55 79
55 80
55 82
55 83
55 84
55 86
55 88
55 90
55 91
55 93
55 94
55 95
56 1
56 4
56 5
56 6
56 7
56 8
56 9
56 10
56 11
56 12
56 14
56 15
56 16
56 18
56 19
56 22
56 23
56 25
56 26
56 35
56 37
56 38
56 39
56 40
56 41
56 42
56 43
56 45
56 46
56 49
56 50
56 59
56 62
56 63
56 64
56 65
56 66
56 68
56 70
56 71
56 72
56 79
56 82
56 83
56 88
56 92
56 94
57 1
57 3
57 5
57 7
57 8
57 11
57 13
57 14
57 15
57 16
57 17
57 18
57 19
57 20
57 21
57 23
57 25
57 27
57 32
57 35
57 36
57 37
57 38
57 39
57 45
57 46
57 47
57 55
57 61
57 63
57 66
57 67
57 68
57 69
57 70
57 72
57 74
57 76
57 78
57 79
57 80
57 81
57 82
57 83
57 84
57 85
57 86
57 88
57 89
57 92
57 93
57 94
57 95
57 96
57 97
58 2
58 5
58 6
58 7
58 10
58 11
58 17
58 18
58 19
58 23
58 24
58 26
58 27
58 28
58 30
58 35
58 36
58 37
58 38
58 44
58 45
58 46
58 48
58 49
58 50
58 51
58 54
58 55
58 57
58 59
58 60
58 63
58 66
58 71
58 72
58 74
58 75
58 77
58 78
58 79
58 80
58 82
58 83
58 84
58 87
58 89
58 91
58 92
58 93
58 94
58 95
58 96
58 97
59 3
59 6
59 8
59 9
59 12
59 16
59 17
59 19
59 24
59 27
59 31
59 32
59 35
59 36
59 39
59 40
59 41
59 42
59 43
59 48
59 51
59 52
59 60
59 61
59 63
59 64
59 68
59 69
59 70
59 72
59 73
59 75
59 76
59 78
59 80
59 81
59 82
59 84
59 88
59 90
59 91
59 94
59 95
60 6
60 7
60 9
60 11
60 12
60 13
60 16
60 17
60 18
60 19
60 22
60 23
60 24
60 26
60 28
60 29
60 30
60 31
60 32
60 33
60 35
60 36
60 38
60 40
60 42
60 44
60 46
60 49
60 50
60 51
60 53
60 54
60 57
60 63
60 66
60 67
60 69
60 70
60 73
60 75
60 78
60 80
60 81
60 82
60 85
60 87
60 89
60 90
60 92
60 95
60 96
60 97
61 2
61 3
61 5
61 6
61 8
61 9
61 11
61 14
61 15
61 18
61 21
61 23
61 26
61 29
61 31
61 32
61 33
61 34
61 37
61 38
61 39
61 41
61 42
61 45
61 48
61 49
61 54
61 55
61 56
61 57
61 58
61 59
61 63
61 67
61 69
61 70
61 73
61 74
61 75
61 76
61 79
61 81
61 84
61 86
61 89
61 90
61 91
61 93
61 95
61 97
62 1
62 3
62 5
62 7
62 8
62 9
62 11
62 12
62 15
62 17
62 20
62 21
62 23
62 25
62 26
62 28
62 29
62 30
62 31
62 33
62 34
62 35
62 37
62 38
62 39
62 40
62 41
62 43
62 44
62 45
62 52
62 54
62 63
62 64
62 65
62 67
62 68
62 75
62 77
62 79
62 80
62 81
62 83
62 84
62 85
62 86
62 87
62 88
62 89
62 94
63 2
63 12
63 16
63 19
63 22
63 24
63 25
63 29
63 31
63 32
63 34
63 35
63 37
63 38
63 39
63 41
63 44
63 46
63 48
63 49
63 50
63 52
63 54
63 56
63 60
63 65
63 66
63 67
63 68
63 69
63 71
63 75
63 77
63 78
63 79
63 84
63 86
63 87
63 88
63 92
63 97
64 1
64 3
64 5
64 6
64 7
64 8
64 10
64 12
64 14
64 15
64 16
64 17
64 18
64 20
64 22
64 24
64 25
64 26
64 27
64 28
64 29
64 33
64 35
64 37
64 40
64 41
64 43
64 47
64 48
64 51
64 57
64 59
64 60
64 62
64 63
64 64
64 65
64 67
64 68
64 69
64 71
64 73
64 75
64 77
64 78
64 80
64 81
64 82
64 83
64 84
64 85
64 86
64 90
64 93
64 94
64 96
64 97
65 3
65 4
65 5
65 6
65 7
65 9
65 10
65 12
65 14
65 15
65 16
65 18
65 20
65 21
65 23
65 29
65 31
65 32
65 33
65 36
65 37
65 39
65 41
65 42
65 43
65 45
65 53
65 54
65 56
65 57
65 59
65 61
65 63
65 65
65 69
65 70
65 72
65 74
65 75
65 77
65 78
65 80
65 81
65 88
65 90
65 91
65 93
65 95
66 1
66 2
66 3
66 4
66 6
66 7
66 8
66 9
66 11
66 13
66 15
66 16
66 18
66 20
66 21
66 22
66 25
66 29
66 30
66 31
66 32
66 34
66 36
66 38
66 40
66 44
66 45
66 46
66 48
66 50
66 52
66 53
66 55
66 57
66 59
66 61
66 62
66 63
66 71
66 72
66 73
66 74
66 75
66 76
66 78
66 80
66 83
66 84
66 89
66 90
66 91
66 92
66 93
66 94
67 1
67 2
67 3
67 4
67 7
67 8
67 9
67 11
67 12
67 13
67 16
67 20
67 21
67 22
67 27
67 28
67 29
67 31
67 32
67 33
67 34
67 38
67 39
67 40
67 42
67 43
67 46
67 49
67 50
67 53
67 59
67 60
67 61
67 62
67 63
67 64
67 65
67 67
67 69
67 72
67 75
67 78
67 79
67 81
67 83
67 85
67 86
67 87
67 89
67 90
67 92
67 93
67 95
67 96
67 97
68 2
68 5
68 6
68 7
68 8
68 9
68 10
68 13
68 23
68 25
68 29
68 30
68 32
68 33
68 40
68 43
68 45
68 46
68 50
68 51
68 52
68 53
68 54
68 58
68 60
68 62
68 63
68 67
68 68
68 69
68 70
68 74
68 76
68 77
68 78
68 80
68 84
68 88
68 89
68 90
68 91
68 92
68 93
68 94
68 95
68 96
68 97
69 1
69 3
69 9
69 12
69 14
69 16
69 18
69 20
69 21
69 22
69 25
69 30
69 32
69 35
69 37
69 38
69 43
69 44
69 46
69 48
69 49
69 50
69 52
69 53
69 55
69 57
69 58
69 60
69 61
69 64
69 68
69 69
69 71
69 72
69 73
69 74
69 75
69 76
69 78
69 86
69 87
69 89
69 90
69 96
70 1
70 3
70 4
70 7
70 11
70 16
70 17
70 18
70 22
70 25
70 26
70 27
70 28
70 31
70 32
70 36
70 37
70 38
70 40
70 41
70 42
70 43
70 45
70 47
70 50
70 51
70 54
70 56
70 57
70 59
70 62
70 63
70 65
70 66
70 68
70 71
70 72
70 73
70 74
70 76
70 77
70 78
70 79
70 81
70 82
70 83
70 84
70 87
70 90
70 93
70 95
70 97
71 1
71 2
71 3
71 4
71 8
71 9
71 11
71 15
71 19
71 20
71 21
71 23
71 26
71 28
71 29
71 33
71 34
71 36
71 41
71 42
71 44
71 46
71 47
71 54
71 55
71 57
71 58
71 60
71 61
71 63
71 66
71 69
71 70
71 72
71 73
71 74
71 75
71 77
71 79
71 80
71 81
71 83
71 84
71 85
71 86
71 93
71 95
72 2
72 3
72 4
72 7
72 8
72 12
72 14
72 15
72 20
72 23
72 24
72 28
72 31
72 35
72 37
72 39
72 40
72 43
72 46
72 47
72 48
72 50
72 51
72 52
72 54
72 58
72 60
72 61
72 62
72 63
72 70
72 71
72 72
72 73
72 74
72 79
72 81
72 83
72 85
72 88
72 89
72 90
72 93
72 94
72 96
73 1
73 3
73 4
73 5
73 9
73 11
73 13
73 15
73 19
73 20
73 24
73 26
73 27
73 28
73 29
73 30
73 33
73 35
73 37
73 38
73 39
73 40
73 41
73 42
73 43
73 46
73 47
73 53
73 54
73 56
73 57
73 58
73 59
73 60
73 61
73 63
73 65
73 68
73 69
73 70
73 71
73 72
73 73
73 77
73 78
73 81
73 82
73 83
73 85
73 88
73 90
73 93
73 95
73 96
73 97
74 1
74 4
74 5
74 9
74 11
74 13
74 14
74 18
74 21
74 22
74 23
74 26
74 28
74 29
74 31
74 32
74 34
74 38
74 39
74 41
74 43
74 44
74 45
74 46
74 49
74 50
74 52
74 53
74 54
74 55
74 56
74 58
74 60
74 61
74 62
74 63
74 64
74 67
74 69
74 72
74 74
74 78
74 79
74 81
74 82
74 83
74 85
74 87
74 88
74 92
74 93
74 94
75 2
75 3
75 4
75 5
75 8
75 11
75 13
75 14
75 15
75 19
75 21
75 22
75 23
75 25
75 27
75 31
75 32
75 36
75 38
75 39
75 40
75 41
75 42
75 44
75 45
75 46
75 48
75 49
75 51
75 52
75 53
75 54
75 55
75 56
75 61
75 67
75 68
75 72
75 74
75 75
75 77
75 79
75 80
75 83
75 84
75 85
75 88
75 91
75 92
75 93
75 94
75 95
76 1
76 4
76 5
76 12
76 13
76 15
76 18
76 19
76 20
76 23
76 31
76 32
76 33
76 35
76 36
76 37
76 38
76 44
76 45
76 50
76 52
76 54
76 58
76 59
76 60
76 67
76 68
76 70
76 72
76 73
76 75
76 76
76 79
76 83
76 84
76 85
76 87
76 89
76 90
76 91
76 92
76 93
76 96
76 97
77 2
77 5
77 7
77 10
77 11
77 12
77 13
77 14
77 15
77 16
77 19
77 21
77 22
77 23
77 24
77 26
77 31
77 36
77 37
77 38
77 39
77 40
77 43
77 45
77 48
77 49
77 51
77 53
77 54
77 59
77 60
77 62
77 63
77 64
77 65
77 66
77 68
77 70
77 73
77 74
77 78
77 79
77 81
77 83
77 84
77 90
77 91
77 95
77 97
78 2
78 3
78 5
78 7
78 8
78 10
78 11
78 16
78 17
78 18
78 23
78 27
78 31
78 34
78 36
78 38
78 42
78 44
78 45
78 47
78 50
78 55
78 60
78 61
78 62
78 65
78 71
78 76
78 77
78 79
78 81
78 83
78 85
78 88
78 89
78 91
78 95
78 97
79 1
79 3
79 10
79 12
79 13
79 14
79 15
79 16
79 17
79 21
79 23
79 25
79 27
79 28
79 30
79 32
79 33
79 35
79 37
79 39
79 43
79 44
79 45
79 46
79 47
79 49
79 50
79 55
79 56
79 58
79 65
79 68
79 69
79 70
79 71
79 72
79 73
79 74
79 75
79 76
79 79
79 80
79 83
79 85
79 87
79 88
79 89
79 90
79 94
80 3
80 7
80 8
80 13
80 17
80 19
80 20
80 21
80 22
80 23
80 26
80 28
80 31
80 35
80 37
80 39
80 40
80 44
80 46
80 50
80 52
80 56
80 57
80 58
80 60
80 62
80 64
80 69
80 73
80 76
80 77
80 78
80 80
80 83
80 85
80 87
80 89
80 90
80 92
80 93
80 95
80 97
81 2
81 3
81 4
81 5
81 8
81 10
81 13
81 14
81 15
81 16
81 17
81 18
81 23
81 25
81 26
81 30
81 32
81 33
81 34
81 35
81 36
81 37
81 38
81 44
81 47
81 49
81 51
81 58
81 60
81 61
81 62
81 64
81 65
81 70
81 71
81 73
81 75
81 76
81 77
81 78
81 81
81 87
81 90
81 92
81 93
82 1
82 6
82 8
82 11
82 12
82 13
82 14
82 15
82 16
82 20
82 21
82 23
82 24
82 28
82 29
82 32
82 35
82 36
82 37
82 38
82 41
82 43
82 47
82 48
82 49
82 51
82 52
82 55
82 57
82 58
82 59
82 60
82 61
82 63
82 69
82 71
82 72
82 73
82 78
82 80
82 81
82 83
82 87
82 88
82 89
82 92
82 93
82 97
83 2
83 6
83 8
83 13
83 16
83 19
83 21
83 22
83 24
83 25
83 26
83 31
83 33
83 35
83 36
83 37
83 38
83 41
83 42
83 44
83 45
83 48
83 49
83 52
83 53
83 54
83 57
83 61
83 62
83 63
83 66
83 67
83 70
83 71
83 72
83 73
83 74
83 78
83 79
83 82
83 83
83 86
83 87
83 88
83 89
83 90
83 95
83 96
83 97
84 2
84 3
84 5
84 6
84 7
84 10
84 13
84 17
84 18
84 19
84 20
84 21
84 22
84 24
84 25
84 29
84 30
84 34
84 38
84 39
84 41
84 42
84 43
84 45
84 46
84 49
84 51
84 52
84 53
84 54
84 57
84 60
84 63
84 65
84 66
84 68
84 70
84 75
84 76
84 77
84 78
84 79
84 81
84 82
84 83
84 84
84 87
84 88
84 89
84 90
84 92
84 93
84 95
84 96
85 2
85 3
85 5
85 6
85 9
85 11
85 12
85 14
85 19
85 22
85 25
85 27
85 29
85 31
85 32
85 38
85 41
85 42
85 44
85 47
85 48
85 49
85 50
85 53
85 54
85 55
85 58
85 60
85 62
85 64
85 66
85 67
85 68
85 69
85 71
85 75
85 78
85 81
85 82
85 83
85 84
85 85
85 87
85 88
85 89
85 90
85 91
85 93
85 94
85 95
86 1
86 2
86 3
86 5
86 9
86 10
86 14
86 15
86 17
86 19
86 22
86 23
86 24
86 25
86 26
86 27
86 29
86 30
86 33
86 36
86 37
86 38
86 40
86 44
86 46
86 48
86 52
86 59
86 63
86 64
86 66
86 69
86 70
86 72
86 74
86 76
86 78
86 79
86 82
86 84
86 86
86 92
86 96
86 97
87 1
87 2
87 3
87 5
87 6
87 7
87 8
87 9
87 10
87 12
87 13
87 14
87 15
87 17
87 18
87 23
87 24
87 27
87 29
87 30
87 32
87 35
87 37
87 41
87 42
87 43
87 45
87 46
87 47
87 49
87 52
87 53
87 55
87 57
87 58
87 59
87 62
87 63
87 64
87 65
87 66
87 67
87 69
87 70
87 72
87 73
87 78
87 81
87 82
87 85
87 86
87 87
87 89
87 90
87 91
87 92
87 93
87 94
87 95
87 96
88 1
88 2
88 5
88 6
88 7
88 8
88 10
88 15
88 16
88 20
88 23
88 24
88 27
88 29
88 30
88 34
88 35
88 36
88 39
88 41
88 42
88 43
88 44
88 48
88 52
88 53
88 55
88 59
88 61
88 62
88 65
88 66
88 67
88 68
88 70
88 72
88 74
88 75
88 76
88 77
88 79
88 81
88 82
88 86
88 87
88 90
88 93
88 94
88 95
89 2
89 3
89 4
89 6
89 7
89 8
89 9
89 10
89 11
89 12
89 14
89 15
89 16
89 19
89 20
89 21
89 22
89 23
89 28
89 29
89 31
89 32
89 33
89 35
89 36
89 38
89 40
89 41
89 43
89 44
89 45
89 50
89 53
89 56
89 57
89 59
89 61
89 66
89 67
89 68
89 69
89 70
89 71
89 73
89 74
89 76
89 77
89 78
89 80
89 82
89 86
89 88
89 89
89 91
89 92
89 94
89 95
89 97
90 1
90 3
90 5
90 7
90 8
90 9
90 10
90 12
90 16
90 17
90 18
90 19
90 21
90 23
90 25
90 26
90 29
90 31
90 34
90 36
90 41
90 42
90 44
90 47
90 51
90 52
90 53
90 54
90 55
90 57
90 60
90 61
90 62
90 65
90 67
90 69
90 72
90 76
90 78
90 79
90 81
90 83
90 84
90 85
90 86
90 89
90 91
90 92
90 93
90 96
91 4
91 6
91 8
91 13
91 16
91 17
91 18
91 19
91 26
91 27
91 30
91 31
91 34
91 35
91 36
91 37
91 39
91 40
91 41
91 44
91 45
91 50
91 51
91 53
91 56
91 57
91 59
91 60
91 62
91 63
91 64
91 67
91 69
91 70
91 73
91 74
91 75
91 76
91 78
91 80
91 82
91 83
91 84
91 85
91 87
91 88
91 89
91 91
91 92
91 93
91 96
91 97
92 1
92 2
92 3
92 4
92 5
92 7
92 11
92 13
92 16
92 21
92 22
92 24
92 25
92 27
92 33
92 34
92 35
92 39
92 40
92 41
92 43
92 45
92 46
92 48
92 50
92 51
92 52
92 53
92 55
92 58
92 60
92 62
92 63
92 64
92 65
92 66
92 67
92 69
92 71
92 72
92 73
92 74
92 76
92 78
92 79
92 81
92 84
92 86
92 89
92 91
92 93
92 96
92 97
93 2
93 4
93 7
93 9
93 10
93 11
93 15
93 17
93 18
93 24
93 25
93 27
93 28
93 29
93 30
93 31
93 35
93 36
93 39
93 42
93 45
93 48
93 50
93 51
93 52
93 54
93 56
93 57
93 59
93 60
93 62
93 63
93 66
93 67
93 72
93 74
93 75
93 77
93 79
93 81
93 83
93 85
93 87
93 88
93 90
93 91
93 92
93 93
93 95
93 96
94 1
94 2
94 4
94 7
94 10
94 13
94 14
94 15
94 17
94 20
94 23
94 25
94 27
94 28
94 29
94 31
94 33
94 37
94 40
94 41
94 42
94 45
94 46
94 48
94 50
94 51
94 52
94 53
94 54
94 56
94 57
94 59
94 60
94 61
94 62
94 64
94 65
94 68
94 69
94 70
94 72
94 77
94 78
94 82
94 84
94 86
94 87
94 90
94 91
94 93
94 94
94 95
94 96
95 4
95 5
95 6
95 13
95 15
95 18
95 20
95 21
95 27
95 31
95 37
95 38
95 41
95 44
95 48
95 52
95 53
95 55
95 56
95 59
95 63
95 65
95 67
95 68
95 69
95 70
95 72
95 74
95 76
95 77
95 78
95 82
95 83
95 85
95 86
95 87
95 89
95 91
95 93
95 95
96 2
96 3
96 5
96 6
96 9
96 10
96 11
96 12
96 13
96 15
96 16
96 19
96 21
96 23
96 25
96 27
96 28
96 31
96 32
96 34
96 36
96 37
96 38
96 40
96 44
96 47
96 49
96 50
96 51
96 52
96 54
96 55
96 57
96 58
96 64
96 66
96 67
96 69
96 74
96 75
96 76
96 80
96 81
96 83
96 84
96 86
96 87
96 91
96 94
97 2
97 4
97 8
97 10
97 11
97 12
97 13
97 14
97 15
97 19
97 20
97 25
97 27
97 31
97 32
97 34
97 36
97 38
97 39
97 40
97 41
97 44
97 45
97 47
97 48
97 49
97 51
97 52
97 54
97 56
97 57
97 58
97 59
97 60
97 61
97 63
97 64
97 65
97 68
97 69
97 70
97 73
97 74
97 75
97 76
97 79
97 80
97 81
97 83
97 84
97 85
97 86
97 87
97 91
97 94
98 1
98 2
98 7
98 8
98 9
98 10
98 11
98 12
98 16
98 19
98 21
98 27
98 29
98 30
98 32
98 33
98 34
98 37
98 38
98 40
98 41
98 48
98 49
98 50
98 52
98 53
98 55
98 57
98 58
98 59
98 60
98 62
98 63
98 65
98 66
98 67
98 69
98 72
98 75
98 76
98 77
98 78
98 81
98 83
98 86
98 88
98 93
98 95
99 2
99 3
99 5
99 6
99 7
99 8
99 9
99 11
99 12
99 14
99 16
99 20
99 22
99 23
99 24
99 27
99 28
99 29
99 37
99 39
99 40
99 41
99 42
99 44
99 45
99 46
99 47
99 50
99 51
99 52
99 53
99 55
99 57
99 58
99 61
99 62
99 69
99 70
99 75
99 76
99 78
99 84
99 85
99 86
99 89
99 90
99 96
99 97
100 1
100 2
100 4
100 6
100 7
100 9
100 12
100 13
100 14
100 16
100 17
100 18
100 20
100 22
100 25
100 26
100 28
100 29
100 32
100 33
100 34
100 35
100 40
100 41
100 42
100 43
100 44
100 45
100 46
100 49
100 51
100 52
100 56
100 57
100 59
100 65
100 67
100 69
100 70
100 71
100 72
100 74
100 75
100 76
100 77
100 79
100 80
100 83
100 85
100 90
100 91
100 93
100 94
100 97
101 1
101 5
101 6
101 7
101 10
101 12
101 14
101 17
101 18
101 21
101 22
101 23
101 24
101 26
101 30
101 31
101 33
101 34
101 35
101 38
101 40
101 44
101 46
101 48
101 50
101 53
101 54
101 55
101 60
101 61
101 63
101 64
101 66
101 67
101 68
101 70
101 71
101 72
101 74
101 75
101 76
101 80
101 81
101 83
101 84
101 85
101 86
101 87
101 88
101 89
101 90
101 91
102 2
102 3
102 5
102 8
102 11
102 13
102 14
102 17
102 18
102 19
102 20
102 22
102 24
102 25
102 26
102 28
102 29
102 31
102 32
102 38
102 44
102 45
102 49
102 50
102 52
102 53
102 55
102 56
102 58
102 59
102 60
102 62
102 63
102 68
102 70
102 71
102 74
102 76
102 78
102 79
102 80
102 81
102 85
102 86
102 87
102 88
102 92
102 94
102 96
103 2
103 3
103 5
103 6
103 8
103 10
103 12
103 14
103 15
103 18
103 20
103 22
103 23
103 27
103 30
103 32
103 33
103 34
103 37
103 39
103 42
103 43
103 46
103 47
103 48
103 50
103 51
103 53
103 54
103 58
103 59
103 60
103 65
103 66
103 67
103 70
103 73
103 78
103 81
103 82
103 85
103 87
103 88
103 89
103 90
103 91
103 92
103 97
104 1
104 4
104 11
104 14
104 16
104 17
104 18
104 20
104 24
104 25
104 26
104 27
104 28
104 29
104 33
104 34
104 36
104 37
104 38
104 41
104 42
104 44
104 45
104 46
104 49
104 50
104 51
104 53
104 54
104 56
104 59
104 61
104 65
104 66
104 67
104 70
104 71
104 72
104 74
104 77
104 78
104 79
104 80
104 81
104 84
104 85
104 90
104 92
104 94
104 95
104 96
104 97
105 4
105 8
105 9
105 10
105 11
105 12
105 15
105 16
105 21
105 22
105 29
105 30
105 32
105 36
105 37
105 40
105 41
105 43
105 44
105 45
105 47
105 48
105 51
105 52
105 55
105 57
105 62
105 64
105 66
105 67
105 68
105 69
105 71
105 74
105 75
105 77
105 79
105 80
105 82
105 83
105 85
105 86
105 89
105 90
105 94
105 96
106 3
106 5
106 6
106 7
106 9
106 10
106 13
106 14
106 18
106 20
106 21
106 27
106 32
106 34
106 38
106 40
106 42
106 46
106 48
106 50
106 52
106 53
106 58
106 60
106 61
106 66
106 68
106 73
106 76
106 77
106 81
106 86
106 89
106 91
106 92
106 93
106 97
107 2
107 3
107 5
107 6
107 7
107 8
107 9
107 10
107 12
107 14
107 15
107 17
107 20
107 21
107 25
107 28
107 30
107 31
107 32
107 33
107 34
107 35
107 40
107 41
107 42
107 43
107 44
107 45
107 46
107 51
107 52
107 54
107 55
107 57
107 58
107 60
107 62
107 64
107 65
107 68
107 69
107 70
107 73
107 74
107 79
107 84
107 85
107 86
107 87
107 89
107 96
108 5
108 6
108 8
108 9
108 10
108 11
108 12
108 13
108 15
108 17
108 20
108 21
108 24
108 27
108 29
108 30
108 32
108 34
108 36
108 38
108 40
108 43
108 44
108 45
108 54
108 57
108 59
108 62
108 70
108 75
108 76
108 80
108 81
108 84
108 85
108 88
108 90
108 91
108 92
108 94
108 97
109 1
109 2
109 3
109 4
109 5
109 6
109 7
109 10
109 11
109 12
109 14
109 15
109 16
109 19
109 20
109 21
109 24
109 28
109 29
109 30
109 36
109 38
109 41
109 47
109 53
109 54
109 55
109 56
109 57
109 58
109 61
109 62
109 64
109 66
109 67
109 68
109 70
109 73
109 74
109 75
109 76
109 82
109 83
109 84
109 85
109 86
109 87
109 90
109 91
109 92
109 94
109 95
109 97
110 1
110 4
110 9
110 10
110 12
110 15
110 16
110 18
110 19
110 20
110 21
110 22
110 23
110 24
110 25
110 26
110 28
110 29
110 34
110 40
110 41
110 43
110 45
110 49
110 52
110 53
110 57
110 58
110 59
110 60
110 62
110 64
110 68
110 70
110 71
110 76
110 78
110 79
110 81
110 83
110 84
110 85
110 88
110 94
111 3
111 7
111 8
111 10
111 13
111 14
111 19
111 20
111 22
111 24
111 25
111 29
111 30
111 32
111 36
111 37
111 38
111 39
111 41
111 42
111 43
111 44
111 48
111 49
111 50
111 52
111 53
111 55
111 56
111 58
111 59
111 60
111 61
111 62
111 63
111 64
111 68
111 70
111 75
111 78
111 83
111 85
111 86
111 88
111 91
111 93
111 97
112 3
112 6
112 7
112 8
112 9
112 11
112 12
112 17
112 19
112 20
112 22
112 26
112 30
112 31
112 41
112 43
112 44
112 45
112 46
112 48
112 49
112 50
112 51
112 52
112 53
112 55
112 57
112 58
112 60
112 61
112 64
112 65
112 67
112 68
112 69
112 70
112 71
112 72
112 79
112 80
112 86
112 87
112 88
112 89
112 90
112 91
112 92
112 93
112 96
112 97
113 1
113 2
113 4
113 5
113 6
113 9
113 10
113 12
113 13
113 15
113 16
113 18
113 19
113 20
113 21
113 23
113 24
113 25
113 26
113 27
113 29
113 32
113 33
113 35
113 36
113 38
113 39
113 41
113 42
113 43
113 44
113 46
113 48
113 50
113 53
113 54
113 58
113 59
113 61
113 62
113 63
113 66
113 68
113 70
113 71
113 72
113 78
113 82
113 83
113 87
113 91
113 95
113 97
114 6
114 7
114 8
114 9
114 11
114 12
114 18
114 19
114 21
114 24
114 25
114 28
114 31
114 35
114 39
114 44
114 46
114 47
114 50
114 51
114 52
114 53
114 54
114 57
114 58
114 59
114 60
114 62
114 65
114 71
114 72
114 78
114 79
114 85
114 89
114 94
114 96
115 1
115 2
115 3
115 6
115 8
115 10
115 11
115 12
115 13
115 14
115 15
115 17
115 19
115 20
115 23
115 26
115 28
115 30
115 31
115 36
115 38
115 41
115 42
115 43
115 44
115 48
115 50
115 55
115 59
115 60
115 61
115 63
115 64
115 65
115 66
115 67
115 69
115 70
115 71
115 74
115 79
115 80
115 81
115 82
115 87
115 94
115 95
115 97
116 5
116 6
116 9
116 11
116 12
116 15
116 16
116 20
116 22
116 23
116 24
116 25
116 27
116 31
116 32
116 33
116 34
116 36
116 37
116 39
116 42
116 48
116 49
116 54
116 58
116 59
116 61
116 63
116 64
116 65
116 68
116 71
116 78
116 79
116 80
116 83
116 84
116 86
116 88
116 89
116 90
116 94
117 1
117 2
117 6
117 9
117 10
117 13
117 14
117 19
117 20
117 24
117 27
117 28
117 30
117 34
117 35
117 37
117 38
117 39
117 42
117 43
117 44
117 45
117 47
117 50
117 52
117 53
117 54
117 57
117 59
117 61
117 62
117 64
117 66
117 67
117 68
117 70
117 74
117 75
117 76
117 77
117 78
117 79
117 81
117 82
117 83
117 91
117 92
117 94
117 95
117 96
