2
214 12
1310
1 3
1 4
1 5
1 6
1 8
1 9
1 12
2 1
2 2
2 3
2 6
2 7
3 1
3 4
3 5
3 9
3 11
3 12
4 1
4 2
4 3
4 8
4 9
4 10
5 1
5 2
5 3
5 4
5 5
5 7
5 8
5 10
5 11
6 2
6 4
6 5
6 8
6 9
6 10
6 12
7 5
7 6
7 7
7 8
7 11
8 2
8 5
8 6
8 7
8 8
8 9
8 10
9 1
9 2
9 3
9 5
9 6
9 7
9 10
9 12
10 1
10 2
10 4
10 6
10 8
10 9
10 10
11 1
11 4
11 5
11 9
11 10
12 3
12 4
12 7
12 11
13 2
13 3
13 4
13 5
13 6
13 7
13 8
13 10
14 1
14 2
14 8
15 1
15 2
15 4
15 6
15 8
15 9
15 12
16 1
16 4
16 6
16 7
16 9
16 10
16 12
17 3
17 4
17 7
17 9
17 10
17 11
17 12
18 1
18 3
18 5
18 10
19 1
19 3
19 6
19 9
19 11
19 12
20 1
20 2
20 3
20 5
20 6
20 10
20 11
20 12
21 1
21 2
21 5
21 7
21 10
21 12
22 2
22 3
22 5
22 6
22 9
22 10
23 2
23 3
23 9
23 10
23 11
24 2
24 3
24 4
24 5
24 6
24 11
25 2
25 6
25 9
26 1
26 3
26 5
26 10
26 12
27 3
27 6
27 7
27 8
27 9
27 10
27 12
28 4
28 5
28 6
28 8
28 9
28 10
28 11
28 12
29 2
29 3
29 6
29 8
29 9
29 11
30 1
30 8
30 9
30 11
31 1
31 5
31 6
31 8
31 9
31 10
31 11
31 12
32 1
32 5
32 6
32 7
32 8
32 12
33 3
33 7
33 12
34 1
34 2
34 4
34 6
34 8
34 12
35 1
35 3
35 5
35 6
35 7
35 12
36 1
36 2
36 3
36 4
36 7
36 11
37 1
37 2
37 10
38 1
38 4
38 7
38 8
38 9
38 10
38 11
38 12
39 3
39 4
39 5
39 7
39 9
39 11
39 12
40 2
40 3
40 4
40 5
40 7
40 8
40 10
40 12
41 2
41 7
42 1
42 2
42 3
42 4
42 7
42 9
42 10
42 11
42 12
43 4
43 5
43 6
43 7
43 8
43 11
44 2
44 3
44 6
44 8
44 9
45 1
45 4
45 8
45 9
45 10
45 11
46 2
46 4
46 6
46 10
46 11
46 12
47 1
47 3
47 6
47 8
47 10
47 12
48 1
48 2
48 5
48 7
48 8
48 10
48 11
48 12
49 1
49 2
49 3
49 5
49 6
49 7
49 8
49 12
50 1
50 5
50 6
50 7
50 9
50 10
50 12
51 3
51 4
51 8
52 1
52 2
52 3
52 4
52 5
52 6
52 7
52 10
53 1
53 2
53 3
53 4
53 5
53 6
53 8
53 9
53 10
53 11
54 1
54 2
54 3
54 5
54 6
54 8
54 11
55 2
55 3
55 6
55 8
55 9
55 10
55 11
56 2
56 4
56 5
56 10
56 12
57 1
57 2
57 3
57 4
57 5
57 6
57 11
58 2
58 4
58 5
58 7
58 8
58 9
58 10
58 11
59 1
59 4
59 7
59 8
59 11
59 12
60 4
60 5
60 7
60 8
60 9
60 10
60 12
61 1
61 2
61 3
61 4
61 5
61 6
61 7
61 8
61 11
62 4
62 6
62 8
62 11
63 2
63 3
63 4
63 6
63 7
63 8
63 11
64 1
64 2
64 7
64 8
64 11
65 1
65 2
65 4
65 6
65 7
65 8
65 10
65 11
65 12
66 2
66 3
66 7
66 8
66 9
66 10
66 12
67 5
67 6
67 7
67 8
67 9
67 10
67 11
68 1
68 7
68 8
68 10
68 11
69 6
69 7
69 10
70 2
70 4
70 5
70 6
70 7
71 1
71 4
71 8
71 9
71 11
71 12
72 2
72 5
72 8
72 10
72 11
72 12
73 1
73 2
73 3
73 4
73 6
73 7
73 8
74 1
74 2
74 6
74 8
74 10
74 12
75 1
75 7
75 8
75 11
76 2
76 4
76 6
76 9
76 11
76 12
77 2
77 7
77 8
77 9
77 10
77 11
78 1
78 3
78 4
78 5
78 6
78 10
78 11
78 12
79 1
79 4
79 5
79 6
79 7
79 10
79 11
80 1
80 2
80 4
80 6
80 12
81 3
81 5
81 6
81 8
81 10
81 11
81 12
82 1
82 2
82 5
82 7
82 10
82 11
83 3
83 5
83 6
83 9
84 1
84 2
84 3
84 7
84 8
84 10
84 11
84 12
85 1
85 5
85 9
86 1
86 2
86 4
86 7
86 10
87 5
87 6
87 8
87 9
88 1
88 3
88 4
88 6
88 9
88 10
88 11
89 1
89 3
89 5
89 7
89 8
89 9
89 11
90 4
90 6
90 7
90 8
91 1
91 2
91 4
91 7
91 8
91 9
91 10
91 11
92 1
92 6
92 8
92 10
92 11
93 1
93 2
93 3
93 4
93 6
93 7
93 8
93 9
94 1
94 3
94 5
94 7
94 8
94 11
94 12
95 4
95 5
95 6
95 9
95 11
95 12
96 3
96 5
96 7
96 9
96 10
96 11
97 1
97 2
97 4
97 6
97 10
97 11
97 12
98 3
98 4
98 5
98 7
98 8
98 12
99 3
99 4
99 5
99 7
100 8
100 9
101 2
101 3
101 4
101 6
101 7
101 8
101 9
101 10
102 4
102 7
102 10
102 11
103 1
103 3
103 4
103 5
103 8
103 10
103 11
104 2
104 3
104 4
104 5
104 8
104 9
105 1
105 3
105 5
105 7
105 9
106 1
106 2
106 3
106 7
106 9
106 10
106 12
107 1
107 2
107 3
107 9
107 10
108 2
108 7
108 8
108 9
108 12
109 3
109 4
109 5
109 8
109 11
111 1
111 2
111 5
111 6
111 7
111 8
111 10
111 11
112 1
112 3
112 4
112 8
112 11
112 12
113 1
113 2
113 3
113 4
113 6
113 7
113 9
113 10
113 12
114 3
114 5
114 6
114 9
114 10
114 11
115 4
115 5
115 7
115 11
116 1
116 3
116 4
116 6
116 7
116 8
116 10
117 3
117 4
117 7
117 8
117 9
118 4
118 7
118 8
118 10
118 11
119 1
119 9
119 12
120 1
120 2
120 3
120 6
120 8
121 3
121 5
121 7
121 8
121 11
122 1
122 2
122 4
122 9
122 12
123 3
123 4
123 7
123 8
123 11
124 1
124 3
124 7
124 8
124 11
124 12
125 2
125 3
125 5
125 6
126 4
126 6
126 7
126 8
126 11
126 12
127 1
127 2
127 6
127 7
127 9
127 11
128 2
128 4
128 5
128 6
128 7
128 9
128 12
129 3
129 4
129 6
129 7
129 8
130 3
130 4
130 6
130 8
130 9
130 10
130 12
131 1
131 2
131 5
131 7
131 8
131 10
131 11
132 1
132 2
132 3
132 4
132 6
132 8
132 9
132 11
133 1
133 3
133 4
133 6
133 8
133 9
133 10
134 4
134 5
134 6
134 7
134 8
134 9
134 11
134 12
135 4
135 8
136 3
136 4
136 5
136 7
136 9
136 10
136 11
136 12
137 2
137 4
137 5
137 6
137 7
137 8
137 9
137 11
138 1
138 2
138 4
138 8
138 10
138 11
138 12
139 1
139 2
139 4
139 5
139 9
139 10
140 2
140 3
140 4
140 5
140 7
140 8
140 9
140 10
140 11
141 3
141 5
141 7
141 11
141 12
142 2
142 3
142 4
142 5
142 6
142 7
142 9
143 1
143 3
143 7
143 10
143 12
144 5
144 7
144 10
144 12
145 4
145 6
145 9
145 10
145 11
145 12
146 2
146 3
146 7
146 8
146 10
146 12
147 2
147 4
147 6
147 7
147 8
147 10
147 11
148 2
148 3
148 4
148 5
148 7
148 8
148 9
148 10
148 11
149 1
149 2
149 7
149 9
150 2
150 3
150 5
150 6
150 11
151 2
151 3
151 4
151 5
151 6
151 7
151 8
151 9
151 10
151 11
152 3
152 4
152 5
152 7
152 8
152 9
152 12
153 1
153 2
153 3
153 4
153 5
153 6
153 9
153 10
153 11
153 12
154 1
154 2
154 4
154 5
154 6
154 9
154 10
154 12
155 2
155 4
155 7
155 8
155 9
155 10
155 11
155 12
156 2
156 4
156 5
156 6
156 8
156 10
157 2
157 4
157 5
157 9
157 11
157 12
158 3
158 4
158 5
158 6
158 11
158 12
159 1
159 2
159 5
159 6
159 7
159 8
159 9
159 11
160 3
160 6
160 7
160 8
160 10
160 12
161 3
161 4
161 6
161 8
161 9
162 2
162 3
162 5
162 6
162 7
162 9
162 10
163 1
163 2
163 3
163 4
163 5
163 6
163 8
163 9
163 10
164 2
164 3
164 4
164 5
164 8
164 10
164 12
165 1
165 3
165 5
165 6
165 7
165 10
165 11
166 2
166 4
166 8
166 9
166 12
167 3
167 4
167 6
167 8
167 10
167 11
167 12
168 2
168 5
168 6
168 9
168 11
169 1
169 4
169 8
169 10
169 11
169 12
170 1
170 2
170 3
170 6
170 7
170 11
170 12
171 1
171 3
171 4
171 5
171 7
171 8
171 9
172 3
172 6
172 10
173 2
173 3
173 6
173 8
173 9
173 10
173 11
173 12
174 3
174 5
174 8
174 10
174 11
174 12
175 1
175 2
175 3
175 7
175 9
175 12
176 2
176 3
176 5
176 7
176 8
176 11
176 12
177 1
177 2
177 3
177 5
177 8
177 9
177 10
177 12
178 2
178 4
178 8
178 9
178 12
179 3
179 4
179 6
179 7
179 9
179 11
179 12
180 3
180 4
180 8
180 10
180 11
180 12
181 3
181 5
181 7
181 8
181 12
182 1
182 3
182 6
182 7
182 8
182 10
183 1
183 2
183 3
183 4
183 5
183 10
183 12
184 3
184 5
184 8
184 9
184 10
184 11
185 3
185 6
185 8
185 10
186 3
186 5
186 6
186 7
186 8
186 9
186 10
187 3
187 4
187 6
187 7
187 8
187 12
188 2
188 3
188 4
188 7
188 8
188 12
189 1
189 2
189 5
189 6
189 7
189 8
189 10
189 11
190 1
190 2
190 3
190 5
190 9
190 12
191 4
191 6
191 7
191 8
191 9
191 10
191 11
192 2
192 3
192 4
192 5
192 8
192 10
192 11
193 2
193 3
193 4
193 8
193 10
193 11
193 12
194 1
194 5
194 8
194 12
195 4
195 6
195 11
195 12
196 4
196 6
196 10
197 1
197 3
197 9
197 11
198 1
198 2
198 4
198 5
198 6
198 7
198 10
198 11
199 4
199 5
199 7
199 8
199 12
200 7
200 9
200 10
201 3
201 5
201 6
201 7
201 10
201 11
201 12
202 1
202 2
202 3
202 4
202 5
202 6
202 9
202 10
202 12
203 3
203 6
203 7
203 8
203 9
204 2
204 3
204 4
204 5
204 6
204 12
205 1
205 2
205 3
205 6
205 7
205 9
205 10
205 11
206 2
206 7
206 8
206 9
206 10
206 11
207 1
207 2
207 3
207 6
207 9
207 10
207 11
208 2
208 3
208 4
208 5
208 10
208 12
209 4
209 5
209 9
209 10
209 11
210 5
210 10
210 11
211 2
211 3
211 4
211 5
211 6
211 7
211 8
211 10
211 11
212 1
212 2
212 4
212 5
212 6
212 9
212 10
212 11
212 12
213 1
213 2
213 7
213 9
213 10
213 11
213 12
214 1
214 4
214 5
